100
999999999 999999999 2
19934 744554784 19821
18 360398845 1
999999999 999983621 2
1000000000 999974157 866502488
999999999 999999999 8164
5 920615516 2
59 251968243 59
48 61736352 48
2 867250528 2
126003275 655341439 126003274
11 631105421 1
167 655770088 116
1000000000 13333 999987403
1000000000 999986058 1000000000
999999999 1000000000 999999999
5 251816103 5
84 534971410 1
10 54680780 10
13 591898053 12
6 665204496 2
217 285525129 216
801068566 801068566 801068566
796767241 796767241 796757334
30 976025220 29
86 617055503 1
45 8959184 45
999999999 659979886 28651
182 24158497 181
197 766381895 196
128 497223878 1
119 949262487 1
999999999 838348629 999999999
977358522 889360574 977358522
3890211 497947007 2780576
504288678 963827988 504271996
1000000000 1000000000 6810
16 279102031 1
389594075 779203188 389588108
999999999 575 2
78 74955803 77
79 119688059 2
787905916 787905917 1
4 59207020 2
19 146893383 18
2 775503174 2
999999999 999999999 1
176 736386641 175
32 864850849 31
11 846182839 2
15 878776409 2
850771234 850777103 850758722
1000000000 809624952 1
97 734437247 96
889 176394492 1
94 64191327 93
2 737059921 2
13 420456627 13
58 550553467 57
999999999 962741746 2
999999999 999999999 999999998
19 234550629 2
777987980 777987980 697479167
8 838553895 8
1000000000 9624 25425
999999999 1000000000 999975125
1000000000 3740 1000000000
9 489117747 6
5 911294515 4
1000000000 999999999 1
911372973 911372974 911358000
12 259584707 2
1000000000 999999428 1
1000000000 1000000000 2
190 189371872 2
82 436878572 82
147 609286776 146
10 410605537 10
141 708084224 140
5052285 188142581 5052285
41 285771312 31
56 970316593 43
1 102469602 1
3 373430878 2
685682631 685682632 2
1925896 562361702 1304
149 795659851 148
117 947473019 67
999999999 999999998 15774
767269801 767269801 554443184
14 197899183 11
999999999 570577496 999990715
7 516036354 7
7 565716222 2
3 594786053 2
15 53441581 15
3 262945527 1
345739533 345753597 11464
21 580075682 1
31673 993265302 31573